#  All Parameters for SSRCalc version 3.0
#
#   Parameter file format:
#        - All white space is ignored (except "new-line" (\n))
#        - Parameter sets are separated by tags within angle brackets (<>)
#        - Parameters are read in separated by vertical bars (|)
#        - Comment lines denoted by the octothorpe (#), and blank lines are ignored.
#
#
<AAPARAMS>
#
#  All residue-specific Parameters for SSRCalc version 3.0
#
# a|   Weights for reg peptide   |  weights for short peptide  |     |        | iso-elec vals | heli2
# a| RC  | RC1 | RC2 | RN  |RN-1 | RCs |RC1s |RC2s | RNs |RN-1s| krh |  mass  |Ctrm|Ntrm| pk1 |bsc|cmu
#--|-----|-----|-----|-----|-----|-----|-----|-----|-----|-----|-----|--------|----|----|-----|---|---
  W|12.25|11.10|11.80|11.00|12.10|12.40|11.60|11.80|11.00|12.10|00.15|186.0790|3.55|7.50|00.00|1.6|1.0
  F|10.90|07.50|09.50|10.50|10.30|11.10|08.10|09.50|10.50|10.30|-0.10|147.0638|3.55|7.50|00.00|0.5|1.0
  L|09.30|05.55|07.40|09.60|09.30|09.20|06.00|07.90|09.60|08.70|00.30|113.0840|3.55|7.50|00.00|1.6|1.6
  I|08.00|05.20|06.60|08.40|07.70|07.70|05.00|06.80|08.40|07.70|00.15|113.0840|3.55|7.50|00.00|3.5|1.4
  M|06.20|04.40|05.70|05.80|06.00|06.20|05.00|05.70|05.80|06.00|00.00|131.0400|3.55|7.00|00.00|1.8|1.0
  V|05.00|02.90|03.40|05.00|04.20|05.10|02.70|03.40|05.00|04.20|-0.30|099.0680|3.55|7.44|00.00|1.4|1.2
  Y|04.85|03.70|04.50|04.00|04.40|05.10|04.20|04.50|04.00|04.40|-0.20|163.0630|3.55|7.50|10.00|0.2|1.0
  C|00.45|00.90|00.20|-0.80|-0.50|00.50|00.40|00.00|-0.80|-0.50|00.00|103.0090|3.55|7.50|00.00|0.0|1.0
  P|02.10|02.10|02.10|00.20|02.10|03.00|01.00|01.50|00.20|02.10|00.00|097.0530|3.55|8.36|00.00|0.0|0.3
  A|01.10|00.35|00.50|00.80|-0.10|00.80|-0.30|00.10|00.80|-0.50|00.00|071.0370|3.55|7.59|00.00|1.0|1.2
  E|00.95|01.00|00.00|00.00|-0.10|00.50|00.10|00.00|00.00|-0.10|00.00|129.0430|4.75|7.70|04.45|0.0|1.1
  Z|00.95|01.00|00.00|00.00|-0.10|00.50|00.10|00.00|00.00|-0.10|00.00|129.0430|4.75|7.70|04.45|0.0|1.1
  T|00.65|00.80|00.60|00.40|00.00|00.60|00.80|00.40|00.40|00.00|00.00|101.0480|3.55|6.82|00.00|0.0|1.0
  B|00.15|00.50|00.40|-0.50|-0.50|00.30|00.30|00.70|-0.50|-0.50|00.00|115.0270|4.55|7.50|04.05|0.0|1.1
  D|00.15|00.50|00.40|-0.50|-0.50|00.30|00.30|00.70|-0.50|-0.50|00.00|115.0270|4.55|7.50|04.05|0.0|1.1
  Q|-0.40|-0.70|-0.20|-0.90|-1.10|-0.40|-0.80|-0.20|-0.90|-1.10|00.00|128.0590|3.55|7.50|00.00|0.0|1.0
  S|-0.15|00.80|-0.10|-0.80|-1.20|-0.50|00.40|00.10|-0.80|-1.20|00.00|087.0320|3.55|6.93|00.00|0.0|1.0
  G|-0.35|00.20|00.15|-0.90|-0.70|00.00|00.00|00.10|-0.90|-0.70|00.00|057.0210|3.55|7.50|00.00|0.0|0.3
  R|-1.40|00.50|-1.10|-1.30|-1.10|-0.20|00.50|-1.10|-1.20|-1.10|00.00|156.1010|3.55|7.50|12.00|0.0|1.0
  N|-0.85|00.20|-0.20|-1.20|-1.10|-0.85|00.20|-0.20|-1.20|-1.10|00.00|114.0430|3.55|7.50|00.00|0.0|0.4
  H|-1.45|-0.10|-0.20|-1.30|-1.70|-1.00|00.10|-0.20|-1.30|-1.70|00.00|137.0590|3.55|7.50|05.98|0.0|0.6
  K|-2.05|-0.60|-1.50|-1.90|-1.45|-0.20|-1.40|-1.30|-2.20|-1.45|00.00|128.0950|3.55|7.50|10.00|0.0|1.0
  X|00.00|00.00|00.00|00.00|00.00|00.00|00.00|00.00|00.00|00.00|00.00|000.0000|0.00|0.00|00.00|0.0|1.0
# ----------------------------------------------------------------------------------------------------
</AAPARAMS>
<ISOPARAMS>
#
#  Isoelectric to scaling conversion factors
#
#    E Range  |       
#  min | max  |   K   
# -----|------|-------
   3.8 |  4.0 | 0.880 
   4.0 |  4.2 | 0.900 
   4.2 |  4.4 | 0.920 
   4.4 |  4.6 | 0.940 
   4.6 |  4.8 | 0.960 
   4.8 |  5.0 | 0.980 
   5.0 |  6.0 | 0.990 
   6.0 |  7.0 | 0.995 
   7.0 |  8.0 | 1.005 
   8.0 |  9.0 | 1.010 
   9.0 |  9.2 | 1.020 
   9.2 |  9.4 | 1.030 
   9.4 |  9.6 | 1.040 
   9.6 |  9.8 | 1.060 
   9.8 | 10.0 | 1.080 
# --------------------
</ISOPARAMS>
<CLUSTCOMB>
#
# Cluster Combinations
#
 11     | 0.3
 15     | 0.4
 51     | 0.4
 55     | 1.3
 111    | 0.5
 115    | 0.7
 151    | 0.7
 155    | 2.1
 511    | 0.7
 515    | 2.1
 551    | 2.1
 555    | 2.8
 1111   | 0.7
 1115   | 0.9
 1151   | 0.9
 1155   | 2.2
 1511   | 0.9
 1515   | 2.2
 1551   | 0.9
 1555   | 3
 5111   | 0.9
 5115   | 2.2
 5151   | 2.2
 5155   | 3
 5511   | 2.2
 5515   | 3
 5551   | 3
 5555   | 3.5
 11111  | 0.9
 11115  | 1
 11151  | 1
 11155  | 2.3
 11511  | 1
 11515  | 2.3
 11551  | 2.3
 11555  | 3.1
 15111  | 1
 15115  | 2.3
 15151  | 2.3
 15155  | 3.1
 15511  | 2.3
 15515  | 3.1
 15551  | 3.1
 15555  | 3.6
 51111  | 1.0
 51115  | 2.3
 51151  | 2.3
 51155  | 3.1
 51511  | 3.6
 51515  | 2.3
 51551  | 3.1
 51555  | 3.6
 55111  | 2.3
 55115  | 3.1
 55151  | 3.1
 55155  | 3.6
 55511  | 3.1
 55515  | 3.6
 55551  | 3.6
 55555  | 4.0
 111111 | 1.1
 111115 | 1.7
 111151 | 1.7
 111155 | 2.5
 111511 | 1.7
 111515 | 2.5
 111551 | 2.5
 111555 | 3.3
 115111 | 1.7
 115115 | 2.5
 115151 | 2.5
 115155 | 3.3
 115511 | 2.5
 115515 | 3.3
 115551 | 3.3
 115555 | 3.7
 151111 | 1.7
 151115 | 2.5
 151151 | 2.5
 151155 | 3.3
 151511 | 2.5
 151515 | 3.3
 151551 | 3.3
 151555 | 3.7
 155111 | 2.5
 155115 | 3.3
 155151 | 3.3
 155155 | 3.7
 155511 | 3.3
 155515 | 3.7
 155551 | 3.7
 155555 | 4.1
 511111 | 1.7
 511115 | 2.5
 511151 | 2.5
 511155 | 3.3
 511511 | 2.5
 511515 | 3.3
 511551 | 3.3
 511555 | 3.7
 515111 | 2.5
 515115 | 3.3
 515151 | 3.3
 515155 | 3.7
 515511 | 3.3
 515515 | 3.7
 515551 | 3.7
 515555 | 4.1
 551111 | 2.5
 551115 | 3.3
 551151 | 3.3
 551155 | 3.7
 551511 | 3.3
 551515 | 3.7
 551551 | 3.7
 551555 | 4.1
 555111 | 3.3
 555115 | 3.7
 555151 | 3.7
 555155 | 4.1
 555511 | 3.7
 555515 | 4.1
 555551 | 4.1
 555555 | 4.5
</CLUSTCOMB>
<HELIXPATTERNS>
#
# Helix Patterns
# 
 XXUX   | 0.8
 XZOX   | 0.8
 XUXX   | 0.8

 XXOX   | 0.7
 XOXX   | 0.7
 XZUX   | 0.7
 XXOZ   | 0.7
 ZXOX   | 0.7
 XOZZ   | 0.7
 ZOXX   | 0.7
 ZOZX   | 0.7
 ZUXX   | 0.7

 ZXUX   | 0.5
 XOZX   | 0.5
 XZOZ   | 0.5
 XUZX   | 0.5

 ZZOX   | 0.2
 ZXOZ   | 0.2
 ZOXZ   | 0.2
 XOXZ   | 0.2

 ZZUZ   | 0.2
 XUXZ   | 0.2
 ZUXZ   | 0.2
 XZUZ   | 0.2
 XUZZ   | 0.2
 ZXUZ   | 0.2
 ZOZZ   | 0.2
 ZZOZ   | 0.2
 ZZUX   | 0.2
 ZUZX   | 0.2
 XXUZ   | 0.2
 ZUZZ   | 0.2

 XXOXX  | 3.75
 XXOXZ  | 3.75
 XXOZX  | 3.75
 XZOXX  | 3.75
 ZXOXX  | 3.75
 XXOZZ  | 2.7
 XZOXZ  | 2.7
 XZOZX  | 2.7
 ZXOXZ  | 2.7
 ZXOZX  | 2.7
 ZZOXX  | 2.7
 ZXOZZ  | 1.3
 XZOZZ  | 1.3
 ZZOXZ  | 1.3
 ZZOZX  | 1.3
 ZZOZZ  | 1.3
 XXUXX  | 3.75
 XXUXZ  | 3.75
 XXUZX  | 3.75
 XZUXX  | 3.75
 ZXUXX  | 3.75
 XXUZZ  | 1.1
 XZUXZ  | 1.1
 XZUZX  | 1.1
 ZXUZX  | 1.1
 ZXUXZ  | 1.1
 ZZUXX  | 1.1

 XZUZZ  | 1.3
 ZXUZZ  | 1.3
 ZZUXZ  | 1.3
 ZZUZX  | 1.3
 ZZUZZ  | 1.3

 XXOOX  | 1.25
 ZXOOX  | 1.25
 XZOOX  | 1.25
 XOOXX  | 1.25
 XOOXZ  | 1.25
 XOOZX  | 1.25

 XXOOZ  | 1.25
 ZXOOZ  | 1.25
 XZOOZ  | 1.25
 ZZOOX  | 1.25
 ZZOOZ  | 1.25
 ZOOXX  | 1.25
 ZOOXZ  | 1.25
 ZOOZX  | 1.25
 XOOZZ  | 1.25
 ZOOZZ  | 1.25

 XXOUX  | 1.25
 ZXOUX  | 1.25
 XXUOX  | 1.25
 ZXUOX  | 1.25
 XOUXX  | 1.25
 XOUXZ  | 1.25
 XUOXX  | 1.25
 XUOXZ  | 1.25

 XXOUZ  | 0.75
 ZXOUZ  | 0.75
 XZOUX  | 0.75
 XZOUZ  | 0.75
 ZZOUX  | 0.75
 ZZOUZ  | 0.75
 XXUOZ  | 0.75
 ZXUOZ  | 0.75
 XZUOX  | 0.75
 XZUOZ  | 0.75
 ZZUOX  | 0.75
 ZZUOZ  | 0.75
 ZOUXX  | 0.75
 ZOUXZ  | 0.75
 XOUZX  | 0.75
 ZOUZX  | 0.75
 XOUZZ  | 0.75
 ZOUZZ  | 0.75
 ZUOXX  | 0.75
 ZUOXZ  | 0.75
 XUOZX  | 0.75
 ZUOZX  | 0.75
 XUOZZ  | 0.75
 ZUOZZ  | 0.75
 XUUXX  | 1.25
 XXUUX  | 1.25

 XXUUZ  | 0.6
 ZXUUX  | 0.6
 ZXUUZ  | 0.6
 XZUUX  | 0.6
 XZUUZ  | 0.6
 ZZUUX  | 0.6
 ZZUUZ  | 0.6
 ZUUXX  | 0.6
 XUUXZ  | 0.6
 ZUUXZ  | 0.6
 XUUZX  | 0.6
 ZUUZX  | 0.6
 XUUZZ  | 0.6
 ZUUZZ  | 0.6

 XXOOXX | 3
 XXOOXZ | 3
 ZXOOXX | 3
 ZXOOXZ | 3
 XXOUXX | 3
 XXOUXZ | 3
 XXUOXX | 3
 XXUOXZ | 3
 ZXUOXX | 3
 ZXOUXX | 3

 XXOOZX | 1.6
 XXOOZZ | 1.6
 XZOOXX | 1.6
 XZOOXZ | 1.6
 XZOOZX | 1.6
 XZOOZZ | 1.6
 ZXOOZX | 1.6
 ZXOOZZ | 1.6
 ZZOOXX | 1.6
 ZZOOXZ | 1.6
 ZXOUXZ | 1.6
 XZUOXX | 1.6
 ZXUOXZ | 1.6

 ZZOOZX | 1.5
 ZZOOZZ | 1.5
 XXOUZX | 1.5
 XXOUZZ | 1.5
 XZOUXX | 1.5
 XZOUXZ | 1.5
 ZXOUZX | 1.5
 ZXOUZZ | 1.5
 ZZOUXX | 1.5
 ZZOUXZ | 1.5
 XXUOZX | 1.5
 XXUOZZ | 1.5
 XZUOXZ | 1.5
 ZXUOZX | 1.5
 ZXUOZZ | 1.5
 ZZUOXX | 1.5
 ZZUOXZ | 1.5

 ZZUOZX | 1.25
 ZZUOZZ | 1.25
 ZZOUZX | 1.25
 ZZOUZZ | 1.25
 XZOUZX | 1.25
 XZOUZZ | 1.25
 XZUOZX | 1.25
 XZUOZZ | 1.25
 XXUUXX | 1.25
 XXUUXZ | 1.25
 ZXUUXX | 1.25

 XXUUZX | 1.25
 XXUUZZ | 1.25
 XZUUXX | 1.25
 XZUUXZ | 1.25
 XZUUZX | 0.75
 XZUUZZ | 0.75
 ZXUUXZ | 1.25
 ZXUUZX | 1.25
 ZXUUZZ | 1.25
 ZZUUXX | 1.25
 ZZUUXZ | 1.25
 ZZUUZX | 0.75
 ZZUUZZ | 0.75
</HELIXPATTERNS>

